x1,x2,x3,y
2.77,3.007,3.408,5.8121
1.69,4.846,1.684,5.3834
4.139,4.52,0.81,3.4803
4.097,4.279,2.49,8.0058
3.584,3.3,1.768,5.4116
2.632,2.253,3.282,4.9355
2.59,4.494,0.651,2.9866
2.665,3.485,2.04,5.3396
0.893,2.315,1.198,2.2521
1.946,2.428,4.511,3.4688
0.451,4.907,0.884,4.7229
4.745,3.934,2.474,8.2574
2.236,3.285,0.596,1.9914
3.791,2.964,2.328,6.3029
0.828,4.335,4.627,4.5592
0.027,3.37,3.99,3.4385
1.834,2.867,0.974,2.4491
0.182,0.737,0.099,0.6217
2.105,2.746,1.957,4.1306
2.15,4.287,0.544,2.7405
2.78,2.075,0.145,0.8502
3.181,2.845,2.29,5.5593
0.132,2.439,4.596,2.5378
0.89,4.868,4.533,5.1659
4.229,2.223,2.412,6.1435
2.077,2.54,4.152,4.1373
0.413,3.978,0.601,3.7272
4.351,4.921,1.485,6.3671
3.581,0.86,3.256,4.5221
0.582,0.17,1.41,0.6735
0.291,2.13,4.046,2.4027
1.148,1.818,4.743,2.1926
3.671,2.709,4.02,5.8849
4.011,4.115,4.949,5.1135
1.141,1.806,4.716,2.2095
2.595,1.432,0.159,1.2645
4.955,0.602,1.599,5.0813
1.477,1.727,0.506,0.9165
0.549,3.995,2.79,4.6117
4.895,4.075,0.773,3.5418
2.701,1.418,3.129,4.1924
3.07,0.262,3.35,3.3885
4.507,1.703,3.531,6.1851
1.328,0.434,1.507,1.4658
4.171,2.023,0.671,2.9337
2.052,2.822,2.977,4.9183
4.599,0.888,1.97,5.0878
4.433,2.511,3.852,6.6147
0.816,0.206,0.901,0.7613
2.04,4.291,2.792,6.3018
0.186,1.403,2.6,1.6506
3.201,4.556,0.549,2.5634
0.454,0.614,4.797,0.8111
4.195,2.274,4.799,4.6918
0.593,2.928,4.056,3.3747
0.261,4.011,0.287,3.8555
4.466,0.696,2.326,5.0649
4.412,3.031,4.289,6.3666
2.301,0.909,3.808,3.1572
4.068,2.442,2.381,6.1699
4.978,1.631,2.132,6.0931
0.5,2.419,4.526,2.6243
1.13,2.498,2.846,3.6831
1.087,1.479,1.466,1.8272
2.053,4.277,1.222,4.1256
4.38,1.826,1.435,4.5961
4.431,2.488,0.368,2.3691
2.986,3.753,2.179,6.0443
0.874,0.096,4.656,0.9708
4.262,4.109,3.289,8.4146
3.267,4.251,3.466,7.5099
3.819,3.832,3.851,7.2527
3.934,2.102,0.234,2.0306
1.841,4.534,0.4,3.0227
4.608,0.674,1.819,4.8956
2.215,4.163,0.195,2.1145
3.223,0.794,3.181,4.1112
4.478,1.711,4.8,4.7225
3.512,0.1,2.372,3.669
3.568,1.003,3.987,4.3992
2.417,0.093,0.837,2.4339
2.394,3.532,4.935,3.8754
0.317,2.264,4.03,2.529
2.219,0.364,1.761,2.4056
4.062,3.28,2.344,6.8587
0.851,3.107,0.347,2.395
2.825,4.229,2.345,6.6178
3.649,3.942,3.492,7.5515
1.764,3.934,3.332,5.7261
2.343,4.708,1.367,4.8677
3.495,1.324,4.199,4.4025
1.663,0.063,2.287,1.7848
2.378,1.87,0.611,1.4597
3.784,4.697,3.797,8.1127
1.622,3.084,2.496,4.5526
0.58,4.613,4.067,5.0629
3.192,4.076,1.85,5.9239
3.694,2.47,3.601,6.1078
0.533,4.183,0.849,3.95
2.418,1.982,2.26,4.0637
4.114,0.649,0.276,3.5519
4.387,1.392,1.593,4.7089
4.77,0.377,3.265,5.2303
4.083,0.997,2.486,4.9871
4.867,0.736,4.35,5.2454
4.157,4.738,3.121,8.9889
2.277,4.437,3.834,6.4202
4.556,0.86,2.246,5.206
2.165,3.467,2.462,5.4076
4.469,1.625,2.759,6.0807
1.589,2.088,1.417,2.4947
2.081,2.089,0.606,1.3239
1.911,3.896,2.617,5.7282
2.143,2.951,3.99,4.7453
4.021,2.947,4.334,5.8857
1.353,2.451,2.889,3.8456
1.378,3.938,2.12,4.8716
1.545,2.338,3.896,3.7151
0.854,1.46,0.049,0.6844
0.702,2.902,0.36,2.3086
1.399,3.305,2.267,4.4318
1.769,2.062,2.847,3.8527
0.518,2.84,4.859,2.8694
4.287,3.524,4.912,5.0333
3.555,0.444,3.029,4.0866
3.832,3.994,4.183,6.8729
0.79,4.003,3.583,4.8114
4.276,4.462,3.758,8.4193
2.359,3.475,2.742,5.7733
2.853,0.538,3.91,3.3172
0.971,4.508,4.247,5.1044
3.04,1.863,4.114,4.4546
2.449,1.129,2.794,3.6029
0.25,0.569,0.377,0.4119
4.079,2.492,2.771,6.5245
0.337,3.812,2.889,4.199
0.772,3.686,2.312,4.3037
0.917,0.365,3.975,1.2796
4.036,0.61,2.662,4.6537
0.499,1.27,1.373,1.3485
3.769,3.908,2.851,7.6928
0.422,4.554,1.814,4.7443
2.854,1.968,4.693,3.5582
4.621,4.011,4.921,5.5547
4.571,2.983,3.078,7.6173
2.187,2.042,2.417,4.0461
2.823,1.068,1.597,3.1321
2.75,1.561,2.646,4.281
0.175,1.457,3.464,1.6828
4.676,1.958,0.407,3.048
3.7,4.738,2.755,8.3535
1.069,4.133,2.1,4.8171
3.643,0.175,0.966,3.6341
3.589,4.585,1.189,4.7318
4.895,3.074,3.876,7.5265
4.086,3.568,3.968,7.0915
1.281,1.219,3.722,2.4555
4.041,2.304,0.647,2.689
2.658,0.374,1.693,2.7881
1.822,4.268,1.749,4.9942
4.83,3.84,0.731,3.3226
2.755,0.525,4.821,2.8298
2.268,1.08,3.647,3.3387
2,4.137,1.451,4.4649
3.653,0.403,1.546,3.7252
0.249,3.63,4.604,3.7413
0.219,0.713,2.572,0.985
2.228,0.52,1.27,2.2016
1.923,2.319,0.957,2.0818
3.02,0.908,0.422,2.3204
1.411,1.809,1.388,2.1725
2.191,1.134,1.286,2.2392
0.811,0.984,3.683,1.8081
0.737,2.492,1.926,2.8981
1.33,4.859,2.784,6.1916
0.836,0.011,3.143,0.9442
0.67,3.719,4.056,4.2605
3.422,0.297,2.679,3.7893
3.246,4.246,3.906,7.0581
3.56,3.436,4.742,4.9448
3.228,4.703,0.709,3.1722
3.643,3.959,4.84,5.1222
0.389,4.181,1.047,4.0976
4.397,0.878,4.925,4.3765
3.77,0.913,1.266,3.6903
3.7,1.77,3.856,5.2488
3.148,4.643,4.334,6.5531
3.209,0.937,3.166,4.2172
3.33,3.063,2.027,5.5134
2.81,1.618,3.148,4.5117
1.249,2.313,2.412,3.4166
2.868,2.273,4.253,4.4653
0.876,1.539,2.655,2.4158
4.298,1.921,3.797,5.991
0.947,1.517,2.135,2.2651
1.447,4.548,2.983,6.0412
0.497,2.338,0.868,2.1088
2.783,2.569,4.233,4.6441
2.213,0.157,3.253,2.437
4.406,4.363,3.841,8.3312
